3.870000000000000000e+02 5.530000000000000000e+02 1.539999999999998010e+02 4.689999999999998863e+02
3.230000000000000000e+02 2.740000000000000000e+02 2.459999999999998010e+02 2.689999999999998863e+02
4.630000000000000000e+02 2.380000000000000000e+02 3.879999999999998863e+02 2.169999999999998579e+02
6.760000000000000000e+02 4.930000000000000568e+02 4.759999999999998295e+02 4.169999999999998863e+02
5.470000000000000000e+02 1.710000000000000000e+02 4.904892357373520326e+02 1.445258342303551444e+02
7.400000000000000000e+02 5.160000000000000000e+02 6.110489773950486097e+02 4.377443487621097802e+02
7.630000000000000000e+02 4.760000000000000000e+02 6.803708288482239368e+02 4.045904198062432329e+02
8.330000000000000000e+02 4.900000000000000000e+02 8.349456404736278046e+02 4.162158234660925018e+02
8.870000000000000000e+02 4.420000000000000000e+02 9.059897739504848460e+02 3.623945102260494764e+02
9.760000000000000000e+02 5.060000000000000000e+02 1.006743272335845290e+03 4.261189451022603976e+02
